1 0.243802 0.049979 0.030303 0.066506
1 0.309917 0.049979 0.052342 0.084240
1 0.720386 0.038894 0.052342 0.070939
1 0.787879 0.037182 0.055096 0.074364
0 0.520661 0.052700 0.826446 0.105400
1 0.245179 0.378073 0.049587 0.084240
1 0.307163 0.382507 0.046832 0.093108
1 0.723140 0.384724 0.052342 0.088674
1 0.790634 0.384724 0.049587 0.088674
0 0.520661 0.384724 0.798898 0.150746
1 0.242424 0.712818 0.049587 0.079807
1 0.311295 0.715035 0.055096 0.093108
1 0.720386 0.710601 0.052342 0.093108
1 0.790634 0.708384 0.055096 0.088674
0 0.524793 0.715035 0.785124 0.146312