1 0.246556 0.083231 0.046832 0.079807
1 0.311295 0.087665 0.049587 0.088674
1 0.720386 0.087665 0.052342 0.079807
1 0.790634 0.083231 0.060606 0.088674
1 0.245179 0.386940 0.044077 0.084240
1 0.308540 0.386940 0.055096 0.084240
1 0.719008 0.382507 0.049587 0.084240
1 0.790634 0.386940 0.060606 0.093108
1 0.242424 0.710601 0.049587 0.084240
1 0.307163 0.712818 0.057851 0.088674
1 0.721763 0.708384 0.055096 0.088674
1 0.783747 0.708384 0.046832 0.088674
0 0.517906 0.089882 0.804408 0.137445
0 0.516529 0.386940 0.796143 0.146312
0 0.516529 0.710601 0.796143 0.137445