1 0.247934 0.269447 0.038567 0.097542
1 0.315427 0.271664 0.041322 0.101975
1 0.724518 0.267230 0.055096 0.093108
1 0.789256 0.267230 0.052342 0.101975
1 0.242424 0.599758 0.044077 0.101975
1 0.308540 0.604192 0.055096 0.101975
1 0.721763 0.597542 0.044077 0.088674
1 0.786501 0.597542 0.052342 0.097542
1 0.246556 0.978336 0.035813 0.043328
1 0.312672 0.978336 0.035813 0.043328
1 0.724518 0.973902 0.044077 0.052195
1 0.790634 0.976119 0.038567 0.047762
0 0.519284 0.271664 0.790634 0.137445
0 0.523416 0.599758 0.793388 0.155180
0 0.520661 0.969469 0.782369 0.061062