1 0.243802 0.061063 0.041322 0.088674
1 0.312672 0.067713 0.041322 0.084240
1 0.720386 0.061063 0.041322 0.088674
1 0.793388 0.063280 0.044077 0.084240
1 0.245179 0.366989 0.038567 0.097542
1 0.315427 0.364772 0.041322 0.093108
1 0.720386 0.371422 0.046832 0.097542
1 0.790634 0.373639 0.038567 0.110843
1 0.243802 0.677348 0.046832 0.097542
1 0.311295 0.675132 0.033058 0.084240
1 0.720386 0.679565 0.046832 0.084240
1 0.792011 0.677348 0.041322 0.079807
1 0.247934 0.973902 0.038567 0.052195
1 0.316804 0.973902 0.033058 0.052195
1 0.724518 0.973902 0.038567 0.052195
1 0.789256 0.973902 0.041322 0.052195
0 0.513774 0.065496 0.807163 0.115276
0 0.515152 0.369206 0.771350 0.137445
0 0.519284 0.675132 0.812672 0.137445
0 0.508264 0.960601 0.801653 0.078798