1 0.235537 0.074364 0.041322 0.088674
1 0.307163 0.072147 0.046832 0.093108
1 0.719008 0.069930 0.038567 0.088674
1 0.790634 0.063280 0.038567 0.084240
1 0.239669 0.378073 0.038567 0.084240
1 0.308540 0.375856 0.044077 0.088674
1 0.719008 0.380290 0.049587 0.088674
1 0.789256 0.382507 0.041322 0.093108
1 0.238292 0.683999 0.046832 0.093108
1 0.307163 0.683999 0.035813 0.093108
1 0.717631 0.681782 0.041322 0.079807
1 0.785124 0.681782 0.038567 0.079807
1 0.242424 0.973902 0.038567 0.052195
1 0.314050 0.973902 0.038567 0.052195
1 0.723140 0.973902 0.035813 0.052195
1 0.789256 0.969469 0.041322 0.061062
0 0.513774 0.074364 0.785124 0.124144
0 0.519284 0.384724 0.796143 0.124144
0 0.519284 0.690649 0.801653 0.124144
0 0.519284 0.965035 0.790634 0.069930