1 0.243802 0.065496 0.035813 0.097542
1 0.311295 0.069930 0.033058 0.106409
1 0.720386 0.074364 0.035813 0.097542
1 0.780992 0.076581 0.030303 0.101975
1 0.239669 0.446795 0.038567 0.097542
1 0.307163 0.437928 0.046832 0.097542
1 0.717631 0.435711 0.035813 0.110843
1 0.789256 0.435711 0.041322 0.101975
1 0.246556 0.841396 0.035813 0.097542
1 0.309917 0.839179 0.035813 0.101975
1 0.714876 0.823661 0.041322 0.088674
1 0.785124 0.819227 0.044077 0.106409
0 0.520661 0.081014 0.798898 0.155180
0 0.520661 0.435711 0.787879 0.155180
0 0.515152 0.836962 0.787879 0.159614