1 0.239669 0.043328 0.033058 0.079807
1 0.307163 0.039399 0.052342 0.078798
1 0.717631 0.030531 0.057851 0.061062
1 0.786501 0.032748 0.041322 0.065496
1 0.236915 0.380290 0.038567 0.097542
1 0.300275 0.382507 0.038567 0.084240
1 0.716253 0.378073 0.038567 0.093108
1 0.785124 0.375856 0.038567 0.088674
1 0.232782 0.734987 0.041322 0.097542
1 0.301653 0.728336 0.041322 0.093108
1 0.720386 0.728336 0.041322 0.084240
1 0.786501 0.728336 0.035813 0.093108
0 0.513774 0.052700 0.785124 0.105400
0 0.508264 0.389157 0.785124 0.133011
0 0.515152 0.732770 0.782369 0.128578