1 0.221763 0.178556 0.052342 0.101975
1 0.322314 0.182990 0.066116 0.110843
1 0.695592 0.180773 0.057851 0.106409
1 0.796143 0.187424 0.060606 0.101975
1 0.223140 0.502217 0.055096 0.110843
1 0.325069 0.491133 0.055096 0.106409
1 0.702479 0.491133 0.071625 0.115276
1 0.800275 0.497783 0.063361 0.110843
1 0.227273 0.770456 0.057851 0.115276
1 0.322314 0.770456 0.060606 0.106409
1 0.701102 0.768239 0.068871 0.110843
1 0.798898 0.770456 0.060606 0.106409
0 0.512397 0.182990 0.815427 0.172915
0 0.513774 0.497783 0.807163 0.164047
0 0.512397 0.777107 0.798898 0.164047