1 0.243802 0.189640 0.046832 0.097542
1 0.316804 0.185207 0.055096 0.097542
1 0.724518 0.196291 0.055096 0.093108
1 0.796143 0.196291 0.044077 0.093108
1 0.243802 0.493349 0.041322 0.101975
1 0.312672 0.497783 0.046832 0.101975
1 0.728650 0.486699 0.041322 0.088674
1 0.798898 0.484482 0.049587 0.093108
1 0.247934 0.803709 0.038567 0.093108
1 0.315427 0.808143 0.046832 0.093108
1 0.730028 0.803709 0.049587 0.093108
1 0.794766 0.808143 0.041322 0.093108
0 0.515152 0.194074 0.815427 0.141879
0 0.506887 0.495566 0.859504 0.159614
0 0.504132 0.805926 0.859504 0.141879