1 0.238292 0.043328 0.035813 0.079807
1 0.300275 0.043833 0.044077 0.087665
1 0.719008 0.039399 0.049587 0.078798
1 0.782369 0.041616 0.033058 0.083231
1 0.238292 0.380290 0.035813 0.097542
1 0.301653 0.378073 0.041322 0.101975
1 0.720386 0.382507 0.046832 0.084240
1 0.785124 0.389157 0.044077 0.079807
1 0.236915 0.730553 0.038567 0.079807
1 0.303030 0.721685 0.038567 0.079807
1 0.720386 0.721685 0.041322 0.079807
1 0.780992 0.726119 0.035813 0.088674
0 0.512397 0.050483 0.787879 0.100966
0 0.513774 0.389157 0.790634 0.141879
0 0.513774 0.726119 0.790634 0.133011