1 0.245179 0.054412 0.044077 0.075373
1 0.311295 0.065496 0.044077 0.088674
1 0.721763 0.058846 0.044077 0.075373
1 0.786501 0.049979 0.046832 0.066506
1 0.242424 0.355904 0.038567 0.084240
1 0.308540 0.364772 0.049587 0.093108
1 0.721763 0.362555 0.044077 0.097542
1 0.786501 0.364772 0.052342 0.093108
1 0.241047 0.657397 0.035813 0.084240
1 0.311295 0.661830 0.044077 0.084240
1 0.723140 0.661830 0.046832 0.075373
1 0.786501 0.666264 0.046832 0.075373
1 0.247934 0.954455 0.044077 0.084240
1 0.308540 0.950021 0.049587 0.075373
1 0.723140 0.952238 0.046832 0.070939
1 0.787879 0.952238 0.049587 0.070939
0 0.511019 0.057134 0.807163 0.114267
0 0.504132 0.364772 0.842975 0.137445
0 0.522039 0.661830 0.807163 0.137445
0 0.517906 0.945083 0.826446 0.109834