1 0.225895 0.089882 0.055096 0.110843
1 0.326446 0.092099 0.068871 0.124144
1 0.703857 0.094316 0.068871 0.128578
1 0.798898 0.089882 0.066116 0.119710
1 0.230028 0.389157 0.063361 0.115276
1 0.325069 0.393591 0.071625 0.115276
1 0.706612 0.393591 0.068871 0.106409
1 0.801653 0.393591 0.060606 0.106409
1 0.234160 0.701734 0.055096 0.101975
1 0.325069 0.706167 0.066116 0.110843
1 0.702479 0.708384 0.060606 0.097542
1 0.798898 0.701734 0.066116 0.101975
1 0.231405 0.984987 0.049587 0.030026
1 0.337466 0.982770 0.057851 0.034460
1 0.710744 0.980553 0.071625 0.038894
1 0.804408 0.982770 0.055096 0.034460
0 0.517906 0.090386 0.804408 0.180772
0 0.509642 0.409109 0.837466 0.208384
0 0.519284 0.703951 0.796143 0.177348
0 0.522039 0.962818 0.790634 0.074364