1 0.243802 0.039399 0.041322 0.078798
1 0.309917 0.043328 0.041322 0.079807
1 0.721763 0.041616 0.038567 0.083231
1 0.783747 0.039399 0.046832 0.078798
1 0.238292 0.335953 0.041322 0.097542
1 0.311295 0.340386 0.044077 0.088674
1 0.723140 0.322652 0.046832 0.088674
1 0.790634 0.324868 0.044077 0.084240
1 0.242424 0.644096 0.033058 0.084240
1 0.311295 0.644096 0.044077 0.084240
1 0.723140 0.635228 0.041322 0.075373
1 0.786501 0.635228 0.046832 0.084240
1 0.246556 0.947805 0.035813 0.070939
1 0.308540 0.950021 0.044077 0.084240
1 0.721763 0.943371 0.049587 0.079807
1 0.790634 0.945588 0.049587 0.084240
0 0.517906 0.052700 0.809917 0.105400
0 0.516529 0.327085 0.812672 0.124144
0 0.520661 0.630794 0.798898 0.119710
0 0.516529 0.940649 0.801653 0.118701