1 0.232782 0.098749 0.041322 0.101975
1 0.325069 0.103183 0.060606 0.101975
1 0.702479 0.092099 0.060606 0.088674
1 0.797521 0.094316 0.068871 0.101975
1 0.232782 0.386940 0.057851 0.101975
1 0.326446 0.386940 0.074380 0.110843
1 0.709366 0.384724 0.068871 0.106409
1 0.798898 0.384724 0.066116 0.106409
1 0.234160 0.695083 0.060606 0.106409
1 0.319559 0.695083 0.077135 0.106409
1 0.707989 0.683999 0.071625 0.101975
1 0.809917 0.677348 0.066116 0.106409
1 0.231405 0.969469 0.049587 0.061062
1 0.327824 0.969469 0.060606 0.061062
1 0.705234 0.967252 0.066116 0.065496
1 0.803030 0.965035 0.046832 0.069930
0 0.520661 0.100966 0.793388 0.168481
0 0.522039 0.395808 0.796143 0.164047
0 0.527548 0.699517 0.801653 0.186216
0 0.520661 0.949517 0.793388 0.100966
0 0.100551 0.238411 0.002755 0.000000