1 0.250689 0.058846 0.033058 0.093108
1 0.315427 0.054412 0.035813 0.093108
1 0.728650 0.056629 0.030303 0.088674
1 0.796143 0.056629 0.033058 0.079807
1 0.247934 0.369206 0.033058 0.084240
1 0.312672 0.373639 0.035813 0.093108
1 0.725895 0.382507 0.035813 0.075373
1 0.796143 0.380290 0.044077 0.088674
1 0.243802 0.677348 0.035813 0.088674
1 0.312672 0.670698 0.041322 0.093108
1 0.724518 0.675132 0.038567 0.093108
1 0.804408 0.679565 0.044077 0.093108
1 0.247934 0.969469 0.038567 0.061062
1 0.320937 0.969469 0.030303 0.061062
1 0.723140 0.971685 0.035813 0.056629
1 0.801653 0.971685 0.038567 0.056629
0 0.531680 0.059351 0.798898 0.118701
0 0.513774 0.375856 0.823691 0.133011
0 0.520661 0.679565 0.771350 0.146312
0 0.526171 0.962818 0.798898 0.074364