1 0.238292 0.198508 0.035813 0.097542
1 0.307163 0.207375 0.041322 0.097542
1 0.714876 0.211809 0.046832 0.106409
1 0.789256 0.209592 0.041322 0.093108
1 0.245179 0.542120 0.033058 0.093108
1 0.308540 0.539903 0.033058 0.097542
1 0.719008 0.533253 0.038567 0.084240
1 0.786501 0.533253 0.030303 0.093108
1 0.242424 0.863564 0.033058 0.097542
1 0.307163 0.861347 0.041322 0.093108
1 0.720386 0.859130 0.035813 0.088674
1 0.789256 0.863564 0.035813 0.088674
0 0.501377 0.202941 0.826446 0.141879
0 0.512397 0.535470 0.804408 0.133011
0 0.517906 0.859130 0.793388 0.141879
0 0.398072 0.074364 0.002755 0.000000