1 0.247934 0.032748 0.033058 0.065496
1 0.309917 0.034461 0.030303 0.062072
1 0.723140 0.034461 0.035813 0.062072
1 0.789256 0.034965 0.035813 0.069930
1 0.242424 0.327085 0.033058 0.062072
1 0.311295 0.331519 0.038567 0.062072
1 0.724518 0.335953 0.038567 0.070939
1 0.785124 0.340386 0.044077 0.070939
1 0.245179 0.626361 0.027548 0.066506
1 0.314050 0.626361 0.038567 0.075373
1 0.724518 0.639662 0.033058 0.075373
1 0.790634 0.644096 0.044077 0.075373
1 0.247934 0.910118 0.033058 0.066506
1 0.309917 0.912335 0.041322 0.079807
1 0.727273 0.921202 0.044077 0.070939
1 0.790634 0.923419 0.038567 0.075373
0 0.520661 0.052700 0.831956 0.105400
0 0.523416 0.338170 0.809917 0.119710
0 0.520661 0.637445 0.820937 0.141879
0 0.519284 0.916769 0.823691 0.133011