1 0.246556 0.063280 0.041322 0.075373
1 0.308540 0.065496 0.038567 0.088674
1 0.721763 0.063280 0.038567 0.075373
1 0.790634 0.061063 0.033058 0.079807
1 0.243802 0.413543 0.035813 0.084240
1 0.308540 0.415760 0.033058 0.079807
1 0.723140 0.413543 0.041322 0.075373
1 0.790634 0.413543 0.038567 0.075373
1 0.243802 0.759372 0.035813 0.093108
1 0.308540 0.759372 0.038567 0.101975
1 0.727273 0.759372 0.044077 0.093108
1 0.790634 0.757155 0.038567 0.097542
0 0.513774 0.066001 0.801653 0.132002
0 0.530303 0.417976 0.785124 0.146312
0 0.524793 0.763806 0.807163 0.155180