1 0.239669 0.154171 0.038567 0.070939
1 0.307163 0.156388 0.046832 0.075373
1 0.720386 0.156388 0.035813 0.075373
1 0.787879 0.154171 0.033058 0.079807
1 0.238292 0.449012 0.035813 0.066506
1 0.305785 0.449012 0.038567 0.075373
1 0.720386 0.451229 0.035813 0.070939
1 0.783747 0.453446 0.041322 0.084240
1 0.236915 0.766023 0.038567 0.079807
1 0.304408 0.766023 0.035813 0.079807
1 0.716253 0.759372 0.038567 0.075373
1 0.786501 0.763806 0.041322 0.075373
0 0.509642 0.160821 0.804408 0.128578
0 0.512397 0.457880 0.798898 0.137445
0 0.513774 0.768239 0.785124 0.128578