1 0.243802 0.030531 0.041322 0.061062
1 0.309917 0.037182 0.041322 0.074364
1 0.723140 0.026098 0.041322 0.052195
1 0.789256 0.030531 0.041322 0.061062
1 0.247934 0.406892 0.038567 0.088674
1 0.308540 0.400242 0.038567 0.093108
1 0.723140 0.406892 0.041322 0.088674
1 0.790634 0.404675 0.038567 0.093108
1 0.245179 0.808143 0.033058 0.066506
1 0.312672 0.805926 0.035813 0.088674
1 0.723140 0.805926 0.035813 0.079807
1 0.792011 0.810360 0.041322 0.088674
0 0.527548 0.039399 0.779614 0.078798
0 0.531680 0.409109 0.782369 0.155180
0 0.533058 0.812576 0.790634 0.164047