1 0.242424 0.026098 0.033058 0.052195
1 0.312672 0.028315 0.041322 0.056629
1 0.720386 0.023881 0.041322 0.047762
1 0.789256 0.026098 0.035813 0.052195
1 0.239669 0.347037 0.027548 0.066506
1 0.308540 0.355904 0.033058 0.075373
1 0.719008 0.349254 0.038567 0.070939
1 0.783747 0.351471 0.030303 0.066506
1 0.241047 0.683999 0.035813 0.084240
1 0.307163 0.683999 0.035813 0.075373
1 0.723140 0.677348 0.030303 0.070939
1 0.782369 0.672915 0.038567 0.070939
0 0.516529 0.041616 0.796143 0.083231
0 0.516529 0.351471 0.790634 0.137445
0 0.517906 0.679565 0.787879 0.137445