1 0.245179 0.278315 0.038567 0.070939
1 0.309917 0.280531 0.041322 0.075373
1 0.721763 0.273881 0.033058 0.070939
1 0.792011 0.276098 0.035813 0.075373
1 0.242424 0.564289 0.033058 0.066506
1 0.309917 0.573156 0.035813 0.075373
1 0.724518 0.568722 0.033058 0.066506
1 0.789256 0.570939 0.035813 0.070939
1 0.242424 0.883516 0.027548 0.075373
1 0.308540 0.881299 0.038567 0.070939
1 0.725895 0.874648 0.041322 0.066506
1 0.789256 0.874648 0.035813 0.057638
1 0.793388 0.015013 0.033058 0.030026
1 0.721763 0.010580 0.033058 0.021159
1 0.315427 0.012797 0.035813 0.025593
1 0.245179 0.012797 0.033058 0.025593
0 0.517906 0.282748 0.793388 0.124144
0 0.520661 0.573156 0.793388 0.137445
0 0.517906 0.881299 0.815427 0.124144
0 0.517906 0.023881 0.798898 0.047762