1 0.241047 0.140870 0.035813 0.070939
1 0.312672 0.145303 0.030303 0.070939
1 0.719008 0.143086 0.038567 0.066506
1 0.790634 0.149737 0.027548 0.070939
1 0.245179 0.451229 0.033058 0.088674
1 0.308540 0.455663 0.033058 0.079807
1 0.720386 0.455663 0.035813 0.079807
1 0.785124 0.460097 0.033058 0.070939
1 0.232782 0.801492 0.035813 0.070939
1 0.305785 0.797059 0.038567 0.070939
1 0.724518 0.799275 0.033058 0.066506
1 0.792011 0.801492 0.041322 0.070939
0 0.515152 0.138653 0.804408 0.128578
0 0.506887 0.457880 0.804408 0.146312
0 0.493113 0.797059 0.798898 0.124144