1 0.246556 0.037182 0.030303 0.074364
1 0.308540 0.038894 0.033058 0.070939
1 0.720386 0.037182 0.030303 0.074364
1 0.790634 0.034965 0.033058 0.069930
1 0.243802 0.364772 0.035813 0.075373
1 0.314050 0.373639 0.027548 0.057638
1 0.721763 0.364772 0.033058 0.075373
1 0.792011 0.364772 0.035813 0.075373
1 0.242424 0.721685 0.027548 0.070939
1 0.312672 0.721685 0.030303 0.070939
1 0.721763 0.701734 0.033058 0.075373
1 0.793388 0.703951 0.033058 0.070939
0 0.520661 0.052700 0.820937 0.105400
0 0.530303 0.371422 0.812672 0.124144
0 0.526171 0.717252 0.804408 0.150746