1 0.246556 0.036677 0.035813 0.066506
1 0.311295 0.045545 0.033058 0.075373
1 0.724518 0.039399 0.033058 0.078798
1 0.793388 0.043328 0.044077 0.070939
1 0.246556 0.353688 0.035813 0.079807
1 0.312672 0.351471 0.035813 0.066506
1 0.727273 0.347037 0.033058 0.057638
1 0.790634 0.347037 0.027548 0.066506
1 0.246556 0.652963 0.030303 0.066506
1 0.311295 0.652963 0.038567 0.066506
1 0.727273 0.655180 0.038567 0.070939
1 0.794766 0.652963 0.035813 0.066506
1 0.246556 0.952238 0.035813 0.070939
1 0.311295 0.952238 0.038567 0.070939
1 0.725895 0.958889 0.035813 0.066506
1 0.789256 0.954455 0.041322 0.066506
0 0.519284 0.052700 0.807163 0.105400
0 0.519284 0.347037 0.801653 0.128578
0 0.520661 0.657397 0.793388 0.146312
0 0.522039 0.942866 0.796143 0.114267