1 0.238292 0.154171 0.035813 0.079807
1 0.303030 0.149737 0.038567 0.079807
1 0.719008 0.138653 0.038567 0.084240
1 0.790634 0.140870 0.033058 0.079807
1 0.241047 0.457880 0.035813 0.075373
1 0.304408 0.455663 0.041322 0.070939
1 0.717631 0.460097 0.046832 0.079807
1 0.796143 0.462313 0.038567 0.066506
1 0.238292 0.763806 0.030303 0.084240
1 0.304408 0.763806 0.030303 0.066506
1 0.723140 0.759372 0.035813 0.066506
1 0.790634 0.757155 0.038567 0.088674
0 0.495868 0.158604 0.749311 0.133011
0 0.497245 0.462313 0.768595 0.146312
0 0.495868 0.766023 0.765840 0.141879