1 0.238292 0.100966 0.035813 0.070939
1 0.301653 0.105400 0.030303 0.070939
1 0.719008 0.103183 0.033058 0.075373
1 0.783747 0.100966 0.035813 0.070939
1 0.238292 0.406892 0.035813 0.079807
1 0.298898 0.402458 0.035813 0.079807
1 0.717631 0.411326 0.035813 0.070939
1 0.783747 0.409109 0.030303 0.075373
1 0.234160 0.710601 0.033058 0.084240
1 0.296143 0.708384 0.035813 0.079807
1 0.717631 0.706167 0.030303 0.075373
1 0.786501 0.706167 0.035813 0.075373
1 0.236915 0.984987 0.033058 0.030026
1 0.303030 0.982770 0.033058 0.034460
1 0.716253 0.982770 0.033058 0.034460
1 0.787879 0.982770 0.044077 0.034460
0 0.512397 0.107617 0.809917 0.128578
0 0.511019 0.409109 0.807163 0.119710
0 0.508264 0.706167 0.812672 0.128578
0 0.504132 0.973902 0.820937 0.052195