1 0.241047 0.200725 0.030303 0.084240
1 0.307163 0.205158 0.035813 0.093108
1 0.719008 0.211809 0.038567 0.097542
1 0.790634 0.211809 0.033058 0.088674
1 0.239669 0.564289 0.033058 0.093108
1 0.307163 0.573156 0.030303 0.093108
1 0.720386 0.586457 0.035813 0.093108
1 0.787879 0.588674 0.038567 0.088674
1 0.245179 0.945588 0.033058 0.093108
1 0.311295 0.950021 0.038567 0.093108
1 0.720386 0.951734 0.030303 0.096532
1 0.786501 0.949517 0.030303 0.100966
0 0.508264 0.200725 0.807163 0.172915
0 0.509642 0.564289 0.809917 0.190649
0 0.508264 0.929565 0.790634 0.140870