1 0.238292 0.202941 0.024793 0.097542
1 0.309917 0.205158 0.035813 0.093108
1 0.721763 0.209592 0.038567 0.066506
1 0.789256 0.211809 0.035813 0.079807
1 0.242424 0.504434 0.033058 0.070939
1 0.316804 0.497783 0.044077 0.093108
1 0.723140 0.506651 0.041322 0.084240
1 0.793388 0.506651 0.038567 0.084240
1 0.243802 0.808143 0.035813 0.084240
1 0.311295 0.814793 0.038567 0.079807
1 0.721763 0.808143 0.038567 0.075373
1 0.792011 0.812576 0.041322 0.084240
0 0.509642 0.202941 0.853994 0.141879
0 0.527548 0.508867 0.834711 0.141879
0 0.519284 0.812576 0.834711 0.146312
0 0.612948 0.061063 0.002755 0.000000