1 0.242424 0.021664 0.038567 0.043328
1 0.307163 0.023881 0.041322 0.047762
1 0.721763 0.019447 0.038567 0.038894
1 0.786501 0.021664 0.035813 0.043328
1 0.242424 0.351471 0.038567 0.066506
1 0.304408 0.349254 0.035813 0.070939
1 0.721763 0.351471 0.038567 0.066506
1 0.787879 0.353688 0.038567 0.070939
1 0.241047 0.692866 0.030303 0.075373
1 0.305785 0.697300 0.038567 0.075373
1 0.723140 0.695083 0.035813 0.070939
1 0.787879 0.695083 0.038567 0.079807
0 0.523416 0.034965 0.798898 0.069930
0 0.515152 0.353688 0.798898 0.141879
0 0.520661 0.697300 0.809917 0.146312