1 0.238292 0.196291 0.030303 0.066506
1 0.304408 0.196291 0.030303 0.066506
1 0.720386 0.194074 0.035813 0.070939
1 0.786501 0.198508 0.035813 0.070939
1 0.238292 0.508867 0.035813 0.062072
1 0.304408 0.506651 0.030303 0.057638
1 0.723140 0.513301 0.035813 0.062072
1 0.787879 0.511084 0.038567 0.066506
1 0.235537 0.821444 0.030303 0.057638
1 0.307163 0.819227 0.035813 0.062072
1 0.721763 0.821444 0.038567 0.057638
1 0.787879 0.819227 0.038567 0.070939
0 0.515152 0.198508 0.798898 0.124144
0 0.513774 0.513301 0.796143 0.124144
0 0.515152 0.830311 0.793388 0.119710