1 0.231405 0.236194 0.049587 0.101975
1 0.331956 0.236194 0.052342 0.093108
1 0.705234 0.240628 0.060606 0.101975
1 0.801653 0.238411 0.066116 0.106409
1 0.234160 0.557638 0.055096 0.106409
1 0.320937 0.562072 0.057851 0.106409
1 0.707989 0.553205 0.060606 0.097542
1 0.803030 0.555421 0.046832 0.101975
1 0.232782 0.883516 0.052342 0.110843
1 0.327824 0.885733 0.060606 0.106409
1 0.707989 0.879082 0.055096 0.101975
1 0.801653 0.881299 0.055096 0.106409
0 0.515152 0.238411 0.798898 0.186216
0 0.527548 0.564289 0.796143 0.181782
0 0.523416 0.887950 0.793388 0.181782