1 0.236915 0.030531 0.033058 0.061062
1 0.304408 0.026098 0.041322 0.052195
1 0.717631 0.021664 0.035813 0.043328
1 0.787879 0.026098 0.033058 0.052195
1 0.234160 0.316001 0.033058 0.066506
1 0.304408 0.313784 0.035813 0.070939
1 0.716253 0.298266 0.038567 0.075373
1 0.785124 0.302700 0.038567 0.075373
1 0.238292 0.617493 0.030303 0.066506
1 0.303030 0.610843 0.038567 0.070939
1 0.717631 0.604192 0.035813 0.075373
1 0.787879 0.606409 0.033058 0.079807
1 0.238292 0.912335 0.035813 0.070939
1 0.307163 0.907901 0.035813 0.070939
1 0.719008 0.914552 0.038567 0.066506
1 0.787879 0.914552 0.038567 0.075373
0 0.513774 0.046049 0.790634 0.092098
0 0.513774 0.311567 0.796143 0.128578
0 0.513774 0.613060 0.785124 0.128578
0 0.515152 0.912335 0.793388 0.168481