1 0.247934 0.180773 0.033058 0.088674
1 0.314050 0.180773 0.044077 0.079807
1 0.727273 0.174122 0.033058 0.066506
1 0.797521 0.180773 0.041322 0.079807
1 0.246556 0.486699 0.024793 0.062072
1 0.312672 0.486699 0.030303 0.070939
1 0.721763 0.493349 0.038567 0.075373
1 0.793388 0.493349 0.038567 0.075373
1 0.245179 0.790408 0.033058 0.066506
1 0.312672 0.794842 0.035813 0.075373
1 0.725895 0.788191 0.030303 0.070939
1 0.792011 0.790408 0.035813 0.075373
0 0.524793 0.182990 0.818182 0.137445
0 0.522039 0.488916 0.801653 0.155180
0 0.534435 0.794842 0.793388 0.146312