1 0.242424 0.187424 0.027548 0.084240
1 0.304408 0.194074 0.041322 0.088674
1 0.716253 0.191857 0.038567 0.084240
1 0.785124 0.191857 0.038567 0.084240
1 0.241047 0.555421 0.030303 0.084240
1 0.307163 0.559855 0.035813 0.084240
1 0.721763 0.564289 0.038567 0.093108
1 0.785124 0.559855 0.038567 0.084240
1 0.241047 0.978336 0.035813 0.043328
1 0.309917 0.980553 0.041322 0.038894
1 0.723140 0.980553 0.041322 0.038894
1 0.787879 0.980553 0.033058 0.038894
0 0.517906 0.191857 0.804408 0.164047
0 0.522039 0.564289 0.801653 0.164047
0 0.519284 0.958384 0.796143 0.083231