1 0.246556 0.158604 0.035813 0.070939
1 0.311295 0.158604 0.027548 0.079807
1 0.720386 0.163038 0.030303 0.070939
1 0.789256 0.163038 0.030303 0.070939
1 0.241047 0.462313 0.030303 0.075373
1 0.309917 0.460097 0.030303 0.070939
1 0.723140 0.471181 0.030303 0.075373
1 0.789256 0.471181 0.030303 0.075373
1 0.241047 0.772673 0.030303 0.066506
1 0.312672 0.774890 0.024793 0.062072
1 0.720386 0.774890 0.035813 0.070939
1 0.792011 0.774890 0.030303 0.070939
0 0.523416 0.163038 0.798898 0.133011
0 0.516529 0.457880 0.796143 0.146312
0 0.516529 0.777107 0.812672 0.146312
0 0.590909 0.047762 0.002755 0.000000