1 0.238292 0.216243 0.035813 0.070939
1 0.304408 0.216243 0.035813 0.070939
1 0.716253 0.209592 0.033058 0.066506
1 0.789256 0.207375 0.035813 0.062072
1 0.239669 0.519952 0.033058 0.066506
1 0.308540 0.519952 0.033058 0.075373
1 0.720386 0.517735 0.035813 0.079807
1 0.785124 0.511084 0.033058 0.066506
1 0.235537 0.823661 0.035813 0.070939
1 0.301653 0.819227 0.035813 0.070939
1 0.719008 0.819227 0.033058 0.070939
1 0.790634 0.823661 0.038567 0.070939
0 0.519284 0.218459 0.785124 0.110843
0 0.519284 0.519952 0.790634 0.155180
0 0.516529 0.828094 0.785124 0.124144