1 0.246556 0.081014 0.035813 0.075373
1 0.312672 0.083231 0.041322 0.079807
1 0.725895 0.083231 0.041322 0.070939
1 0.793388 0.087665 0.033058 0.079807
1 0.246556 0.386940 0.030303 0.066506
1 0.312672 0.393591 0.035813 0.070939
1 0.728650 0.393591 0.030303 0.079807
1 0.796143 0.389157 0.033058 0.079807
1 0.247934 0.697300 0.027548 0.084240
1 0.309917 0.706167 0.035813 0.066506
1 0.728650 0.701734 0.030303 0.066506
1 0.794766 0.699517 0.030303 0.062072
1 0.252066 0.980553 0.035813 0.038894
1 0.312672 0.980553 0.030303 0.038894
1 0.727273 0.982770 0.033058 0.034460
1 0.800275 0.982770 0.035813 0.034460
0 0.524793 0.078798 0.801653 0.133011
0 0.516529 0.386940 0.823691 0.155180
0 0.520661 0.688433 0.809917 0.137445
0 0.528926 0.962818 0.798898 0.074364