1 0.239669 0.045545 0.027548 0.066506
1 0.303030 0.049979 0.027548 0.075373
1 0.717631 0.034965 0.030303 0.069930
1 0.786501 0.041111 0.030303 0.075373
1 0.239669 0.406892 0.027548 0.070939
1 0.308540 0.409109 0.027548 0.075373
1 0.723140 0.400242 0.035813 0.075373
1 0.787879 0.402458 0.038567 0.070939
1 0.238292 0.748288 0.024793 0.079807
1 0.309917 0.746071 0.030303 0.075373
1 0.717631 0.752721 0.035813 0.079807
1 0.786501 0.752721 0.035813 0.079807
0 0.524793 0.054917 0.818182 0.109834
0 0.519284 0.406892 0.812672 0.133011
0 0.519284 0.748288 0.818182 0.150746