1 0.224518 0.019447 0.057851 0.038894
1 0.322314 0.021664 0.077135 0.043328
1 0.696970 0.017230 0.066116 0.034460
1 0.794766 0.019447 0.057851 0.038894
1 0.224518 0.271664 0.052342 0.110843
1 0.322314 0.273881 0.060606 0.097542
1 0.696970 0.273881 0.060606 0.115276
1 0.797521 0.276098 0.057851 0.110843
1 0.223140 0.584240 0.049587 0.088674
1 0.318182 0.588674 0.057851 0.097542
1 0.702479 0.595325 0.071625 0.101975
1 0.794766 0.597542 0.057851 0.097542
1 0.224518 0.894600 0.052342 0.097542
1 0.316804 0.892383 0.060606 0.093108
1 0.696970 0.890166 0.066116 0.088674
1 0.794766 0.896817 0.057851 0.101975
0 0.516529 0.043833 0.790634 0.087665
0 0.512397 0.273881 0.820937 0.203951
0 0.512397 0.590891 0.809917 0.199517
0 0.512397 0.901251 0.820937 0.181782